10000 0.0082903
20000 0.0085443
30000 0.0095623
40000 0.0091114
50000 0.0095659
60000 0.0097606
70000 0.010221
80000 0.0098952
90000 0.0101279
100000 0.0104511
110000 0.010812
120000 0.010821
130000 0.0106404
140000 0.0104346
150000 0.0122797
160000 0.0107969
170000 0.0105157
180000 0.010615
190000 0.0115046
200000 0.0115668
210000 0.0172502
220000 0.0116731
230000 0.0116728
240000 0.0118955
250000 0.0117098
260000 0.0118227
270000 0.0122611
280000 0.0119266
290000 0.012435
300000 0.0126208
310000 0.0181477
320000 0.0125766
330000 0.0127882
340000 0.0129295
350000 0.0130635
360000 0.013046
370000 0.0126709
380000 0.0193563
390000 0.0130384
400000 0.0139092
410000 0.0135482
420000 0.0144494
430000 0.0132891
440000 0.0196548
450000 0.0139693
460000 0.0142528
470000 0.0140417
480000 0.0136687
490000 0.0138703
500000 0.0200482
510000 0.015206
520000 0.0147829
530000 0.014889
540000 0.0148391
550000 0.0210578
560000 0.0239574
570000 0.0162762
580000 0.0176511
590000 0.0183082
600000 0.0237861
610000 0.0194013
620000 0.0206724
630000 0.0257284
640000 0.018801
650000 0.0196171
660000 0.0226639
670000 0.0236005
680000 0.0201154
690000 0.0196286
700000 0.019754
710000 0.0405883
720000 0.0248163
730000 0.0227077
740000 0.0205085
750000 0.0269664
760000 0.0214377
770000 0.0260622
780000 0.033308
790000 0.0316361
800000 0.0241093
810000 0.0212433
820000 0.0250745
830000 0.0239585
840000 0.0219178
850000 0.0290006
860000 0.0248853
870000 0.0233644
880000 0.0304121
890000 0.02416
900000 0.0242426
910000 0.0310622
920000 0.0261891
930000 0.0293333
940000 0.0329129
950000 0.0280085
960000 0.0273032
970000 0.0337099
980000 0.0276132
990000 0.0280194
1000000 0.0352093
