10000 0.0136907
20000 0.0538861
30000 0.121225
40000 0.217352
50000 0.337975
60000 0.486696
70000 0.666031
80000 0.865841
90000 1.12702
100000 1.36392
110000 1.63356
120000 1.98977
130000 2.33115
140000 2.80264
150000 3.05363
160000 3.50567
170000 3.95124
180000 4.42527
190000 4.95489
200000 5.45682
210000 5.94121
220000 6.49088
230000 7.19969
240000 7.93251
250000 8.42759
260000 8.99328
270000 9.83718
280000 10.6468
290000 11.484
300000 12.2865
310000 12.8999
320000 14.0067
330000 15.8311
340000 16.4622
350000 16.6833
360000 17.5456
370000 18.4765
380000 19.6037
390000 20.8503
400000 22.208
410000 23.0088
420000 24.0044
430000 25.1448
440000 26.3818
450000 27.8628
460000 30.0796
470000 30.8843
480000 32.8131
490000 34.1833
500000 36.6919
510000 37.6792
520000 38.0514
530000 40.6545
540000 40.853
550000 43.4226
560000 43.4354
570000 45.1108
580000 46.6769
590000 48.3338
600000 49.8691
610000 51.6962
620000 53.7975
630000 55.1232
640000 57.1107
650000 59.7043
660000 61.0634
670000 64.7622
680000 66.9018
690000 66.0682
700000 67.3303
710000 70.7599
720000 71.9652
730000 73.853
740000 76.0263
750000 78.1141
760000 80.1652
770000 82.2527
780000 84.564
790000 86.6053
800000 90.2933
810000 90.0505
820000 94.9284
830000 96.6041
840000 98.6676
850000 101.707
860000 103.527
870000 106.482
880000 107.944
890000 109.681
900000 113.111
910000 115.443
920000 118.102
930000 121.717
940000 123.811
950000 126.179
960000 128.979
970000 131.447
980000 135.255
990000 136.979
1000000 139.753
