10000 0.0276202
20000 0.111014
30000 0.247408
40000 0.436945
50000 0.682035
60000 0.984871
70000 1.3379
80000 1.74897
90000 2.21104
100000 2.7392
110000 3.30255
120000 3.93214
130000 4.61402
140000 5.34848
150000 6.1231
160000 6.96123
170000 7.89261
180000 8.84108
190000 9.97541
200000 10.974
210000 12.0475
220000 13.511
230000 14.6411
240000 15.7612
250000 17.1315
260000 18.5126
270000 20.2467
280000 21.4167
290000 23.171
300000 24.582
310000 25.6943
320000 27.713
330000 29.8072
340000 31.1797
350000 33.0639
360000 34.929
370000 36.9086
380000 38.9984
390000 41.0241
400000 43.146
410000 45.3059
420000 47.596
430000 49.8677
440000 52.2102
450000 54.7351
460000 57.0779
470000 59.6755
480000 63.2417
490000 65.4194
500000 67.9296
510000 71.352
520000 75.1464
530000 77.8139
540000 81.1728
550000 83.9197
560000 87.6532
570000 91.177
580000 94.0542
590000 99.2859
600000 99.9957
610000 104.571
620000 105.462
630000 108.92
640000 112.86
650000 115.799
660000 118.716
670000 122.398
680000 126.56
690000 130.255
700000 133.453
